%YAML:1.0
---
camera_name: "8605.168000"
image_width: 640
image_height: 480
camera_matrix:
   rows: 3
   cols: 3
   data: [ 5.5438271282264407e+02, 0., 3.2050000000000000e+02,
       -3.8806789897585091e+01, 0., 5.5438271282264407e+02,
       2.4050000000000000e+02, 0., 0. ]
distortion_coefficients:
   rows: 1
   cols: 5
   data: [ 0., 0., 0., 0., 0. ]
distortion_model: plumb_bob
rectification_matrix:
   rows: 3
   cols: 3
   data: [ 1., 0., 0., 0., 1., 0., 0., 0., 1. ]
projection_matrix:
   rows: 3
   cols: 4
   data: [ 5.5438271282264407e+02, 0., 3.2050000000000000e+02,
       -3.8806789897585091e+01, 0., 5.5438271282264407e+02,
       2.4050000000000000e+02, 0., 0., 0., 1., 0. ]
local_transform:
   rows: 3
   cols: 4
   data: [ 4.89652763e-12, 4.89652763e-12, 1., -2.99999993e-02, -1., 0.,
       4.89652763e-12, 0., 0., -1., 4.89652763e-12, 1.80000007e-01 ]
